39.928491685834 32.69665364581792
39.929544780566985 32.705236714665574
39.929544780566985 32.715193074528855
39.929544780566985 32.732702534978074
39.931387657366635 32.74609212238042
39.91927641587477 32.74849538165776
39.907953100574844 32.73888234454839
39.9095332104389 32.696996968571824
39.9095332104389 32.72377614337651
39.91242998386161 32.67708424884526
39.906109593002256 32.64996175128667
39.91743321304608 32.63863210040776
39.92269937521952 32.62627248126714
39.937179232871664 32.5967467244312
39.94165420554275 32.581640523259324
39.95112965220708 32.57099751788823
39.9606037864367 32.591596883122605
39.879504890987675 32.68566731769292
39.87634324996914 32.70386342364995
39.9666560183881 32.60498647052495
